1.62862 -0.255084 0.00707579 20.6657 46.4304 175.463
1.63187 -0.256926 0.00712674 20.417 46.4059 175.213
1.61623 -0.254805 0.00746457 20.4281 46.5545 175.159
1.61599 -0.255585 0.00784995 20.4525 46.5795 175.246
1.63041 -0.253391 0.00202869 20.4413 46.4514 175.816
1.6338 -0.253737 0.00415466 20.3966 46.4933 176.115
1.62314 -0.253804 -0.000249078 20.2284 46.3123 175.37
1.62215 -0.251674 -0.00298175 20.2537 46.304 175.357
1.62713 -0.251238 -0.000744104 20.1812 46.0144 175.898
1.63622 -0.253091 0.00136578 20.0773 45.6931 175.754
1.63791 -0.255507 0.000676526 20.0606 45.4916 175.864
1.63371 -0.255035 0.00533336 20.0788 45.4434 175.497
1.63734 -0.252154 0.000230464 20.0709 45.597 175.602
1.63687 -0.251545 -6.61012e-05 20.0728 45.5961 175.49
1.62554 -0.252037 0.00546476 19.8408 45.5542 175.425
1.63827 -0.2567 0.0022493 19.6219 45.0619 176.154
1.64857 -0.255337 -0.00346876 19.3724 44.7889 176.003
1.64816 -0.254936 -0.00316933 19.3545 44.7639 175.839
1.64814 -0.259261 0.00358892 19.1068 44.5731 175.737
1.63765 -0.249442 -0.00293453 18.9361 44.4157 175.804
1.63416 -0.26093 0.0150935 18.6914 44.228 175.569
1.63087 -0.256101 0.0120607 18.6713 44.2327 175.494
1.64032 -0.263455 0.0174 18.7242 44.2696 175.981
1.64228 -0.257689 -0.00297619 18.8452 43.867 176.397
1.64548 -0.261318 -0.00479898 18.7677 43.0877 176.658
1.64546 -0.260186 -0.00338013 18.6911 42.9677 176.163
1.65017 -0.258226 0.00149296 18.9239 42.6418 176.279
1.64634 -0.251845 -0.00221727 19.3199 42.894 176.17
1.64821 -0.2575 -0.00112097 19.6995 42.768 176.425
1.64984 -0.260664 -0.00174586 19.914 42.7254 176.852
1.65405 -0.261926 -0.00273022 19.9052 42.6807 176.786
1.65232 -0.263077 -0.00272346 20.0421 42.3631 177.134
1.64647 -0.263292 -0.00547243 20.0468 42.0654 176.964
1.66138 -0.259931 -0.0239963 19.992 41.9316 177.456
1.65691 -0.269549 -0.00469532 19.7146 41.6753 177.439
1.6623 -0.269702 -0.00992701 19.6477 41.0982 178.396
1.66459 -0.270777 -0.00320418 19.5237 40.9869 177.861
1.66172 -0.266624 -0.0190031 19.3197 40.1688 178.548
1.67545 -0.270041 -0.0261987 19.2647 38.5792 178.909
1.68845 -0.271181 -0.0252426 19.314 37.6715 178.658
1.68648 -0.276187 -0.0152781 19.2203 37.5996 178.322
1.67832 -0.282113 0.00200405 19.2211 37.7166 178.332
1.68887 -0.275321 -0.0203502 19.9063 37.3907 178.439
1.68237 -0.276544 -0.0123307 20.1422 37.5878 178.112
1.68115 -0.278107 -0.0094467 20.142 37.5904 178.077
1.68696 -0.274907 -0.0176414 20.2072 37.0703 178.567
1.70081 -0.27944 -0.0258518 19.8111 36.3611 178.525
1.69334 -0.283723 -0.0196995 19.4049 35.9556 177.85
1.69576 -0.280182 -0.0233844 19.3884 35.9593 177.902
1.69732 -0.289468 -0.012083 18.908 35.9413 176.825
1.69451 -0.292649 -0.00666881 18.5399 36.1056 175.539
1.69442 -0.297801 -0.0082665 18.2253 36.4633 174.97
1.70806 -0.3037 -0.012213 17.8865 36.3393 173.905
1.70913 -0.303439 -0.0152846 17.9173 36.3586 174.015
1.71343 -0.313696 -0.00789487 17.4608 36.6013 172.587
1.70117 -0.322281 0.000453477 16.984 37.0273 171.522
1.71108 -0.321668 -0.0131975 16.4009 36.8556 170.868
1.70756 -0.316346 -0.0179119 16.4145 36.896 170.975
1.70996 -0.327045 -0.0127895 15.3654 36.3871 170.127
1.71647 -0.330223 -0.0150371 14.1429 35.659 169.321
1.72105 -0.337468 -0.0123329 12.8073 34.687 168.514
1.71298 -0.335707 0.00411811 12.5748 34.6361 167.808
1.73313 -0.345399 -0.00648997 11.6011 33.6039 167.588
1.74828 -0.349559 -0.00636072 11.1917 32.8464 166.735
1.74496 -0.35156 0.00343538 11.1092 32.8409 166.633
1.74852 -0.350499 -0.00826204 11.0742 32.4584 165.972
1.76803 -0.353055 -0.0230068 11.2579 31.4458 166.393
1.78464 -0.358422 -0.0206574 11.2371 30.4181 165.554
1.78534 -0.362563 -0.015746 11.4318 29.8708 164.485
1.78447 -0.366783 -0.0104681 11.4023 29.8536 164.354
1.78865 -0.367904 -0.017977 11.7441 29.2379 164.06
1.81256 -0.375453 -0.022905 12.0285 28.335 164.156
1.82013 -0.375472 -0.0305495 12.688 27.1324 163.574
1.83302 -0.374158 -0.0435372 13.6808 26.1379 163.906
1.86251 -0.382393 -0.0535081 14.4239 24.5373 164.724
1.88317 -0.389589 -0.0518159 14.926 22.5415 164.24
1.86753 -0.389549 -0.0336876 14.7214 22.4998 163.3
1.86423 -0.388433 -0.0350377 15.3333 21.6124 163.15
1.87933 -0.398375 -0.0209767 15.3136 20.8394 162.398
1.88518 -0.397467 -0.0134818 15.3663 20.6859 161.366
1.87812 -0.403035 -0.00150523 15.6071 21.0617 160.458
1.88155 -0.403936 -0.00408828 15.656 21.0479 160.622
1.87919 -0.410202 0.00882727 15.5439 21.4045 159.921
1.87923 -0.421853 0.0258795 15.2652 22.0946 159.044
1.87375 -0.426719 0.0235678 15.0971 22.8912 158.65
1.88735 -0.430138 0.0160255 15.2147 22.8748 159.22
1.87305 -0.435517 0.0205417 14.9256 23.4108 159.252
1.89198 -0.44671 0.0189483 14.5535 23.3939 158.929
1.89708 -0.448045 0.0152576 14.5959 23.4106 159.367
1.89304 -0.460827 0.0271937 13.8827 23.6937 157.994
1.91955 -0.472696 0.0201842 13.0487 22.9964 157.725
1.91695 -0.468315 0.0222225 12.974 23.008 157.561
1.93055 -0.479736 0.0148341 11.789 22.2143 157.598
1.94328 -0.49567 0.0265406 9.90746 21.5339 157.567
1.95258 -0.489576 0.0273812 9.79518 21.4328 157.455
1.94611 -0.510552 0.0329716 8.32015 20.5701 157.495
1.96696 -0.532805 0.0424842 7.04709 19.8868 157.32
1.9659 -0.530817 0.0454759 6.97988 19.882 157.166
1.97356 -0.536106 0.0383883 6.46296 19.578 157.557
2.02299 -0.562027 0.028551 6.14243 17.5622 158.987
1.99825 -0.562377 0.0402847 6.08361 17.6933 158.3
2.03321 -0.56319 0.0167652 5.82469 15.8516 159.783
2.01036 -0.565183 0.0372118 5.63143 15.9754 158.851
2.01916 -0.570363 0.0261532 6.04605 14.6864 159.535
1.98568 -0.57388 0.0535428 6.8925 15.5521 158.478
1.98334 -0.58155 0.0563414 6.94614 15.6089 158.38
1.97631 -0.564668 0.0417163 8.12208 16.3234 158.987
1.99008 -0.564387 0.0304139 8.91969 16.2873 159.522
2.00962 -0.566167 -0.00105732 9.92314 15.246 160.858
2.00337 -0.57376 0.00802253 9.88115 15.2863 160.672
2.00513 -0.574035 0.00473067 10.7913 14.9138 160.731
2.00118 -0.576662 0.00719169 10.8065 14.9305 160.663
2.01323 -0.578636 -0.00907039 11.8323 14.3852 161.23
2.01603 -0.585221 -0.00743286 12.9087 14.27 160.929
2.01359 -0.586301 -0.00992425 12.9898 14.2914 161.035
2.02304 -0.58029 -0.0320753 14.221 14.0029 161.741
2.04551 -0.58776 -0.0381121 14.5988 12.7939 161.536
2.04991 -0.600288 -0.0402341 15.1433 11.9894 161.244
2.0397 -0.601833 -0.0348142 15.1132 12.042 160.984
2.03548 -0.60728 -0.0327052 15.6501 11.9586 160.638
2.04261 -0.618298 -0.0313508 16.4701 11.7806 160.188
2.04818 -0.620371 -0.0306962 17.0523 12.0772 159.969
2.04787 -0.627304 -0.0464157 17.5234 11.8045 160.392
2.04715 -0.628796 -0.0452691 17.5331 11.8167 160.329
2.04996 -0.63709 -0.0453889 18.1114 11.6104 159.798
2.04425 -0.640685 -0.0373359 18.6053 12.2835 159.026
2.03094 -0.642532 -0.0216783 18.9529 13.6793 158.056
2.04736 -0.636038 -0.0445017 19.2457 13.595 159.063
2.04627 -0.630388 -0.0517602 19.6602 13.954 158.976
2.04793 -0.63892 -0.0475822 19.4727 14.0884 158.971
2.05462 -0.638359 -0.0538363 19.6477 13.9923 159.162
2.04831 -0.644477 -0.0466547 19.5795 14.4729 157.821
2.06025 -0.643293 -0.0524244 19.6207 14.4295 158.162
2.04882 -0.65006 -0.0432369 19.4837 15.1626 157.232
2.03016 -0.656209 -0.0408229 19.4812 16.3178 156.9
2.05251 -0.656287 -0.0543718 19.5894 16.1899 157.352
2.00596 -0.669223 -0.018082 18.9681 18.2399 156.771
1.99574 -0.672083 -0.0294882 19.3982 19.7543 156.195
2.02753 -0.679319 -0.0503544 19.6037 19.5322 156.753
2.01832 -0.679578 -0.0508729 20.5447 20.4371 155.825
2.0275 -0.688103 -0.0639784 21.3811 20.4835 156.538
2.0306 -0.694108 -0.0673486 21.5048 20.5142 156.859
2.03852 -0.703652 -0.0715252 21.8736 20.2038 156.493
2.05219 -0.712745 -0.0800495 22.2298 19.4269 156.864
2.04324 -0.715273 -0.0737885 22.2013 19.487 156.7
2.04315 -0.718371 -0.0793267 22.5553 19.1582 156.654
2.04833 -0.723738 -0.0784563 22.9499 18.6275 156.184
2.03901 -0.726888 -0.0726481 22.9257 18.676 155.958
2.02708 -0.731393 -0.0683489 23.7578 18.8861 155.689
2.00887 -0.727726 -0.0674842 25.415 19.4155 155.298
2.02052 -0.733845 -0.0755986 25.5122 19.3155 155.584
2.01125 -0.741269 -0.0645721 26.6422 19.9787 154.65
2.01439 -0.760248 -0.0629175 27.2868 20.1899 154.128
2.0194 -0.766878 -0.066562 27.4118 20.1522 154.512
2.02241 -0.773883 -0.0591724 26.7223 20.56 154.312
2.03509 -0.791581 -0.045603 25.2175 20.4186 154.535
2.0319 -0.785352 -0.0470965 25.1804 20.4395 154.395
2.04563 -0.794242 -0.0502209 23.7502 19.691 154.719
2.05165 -0.807637 -0.0507169 22.9791 18.3687 154.842
2.0356 -0.82793 -0.0220271 22.3745 17.6316 153.092
2.01028 -0.822478 -0.00585685 22.7807 18.2638 152.156
2.01499 -0.82408 -0.0111007 22.842 18.2165 152.255
1.99963 -0.821966 -0.00891632 23.9952 18.7215 152.479
2.00801 -0.826736 -0.0151864 24.871 18.4567 153.482
2.01458 -0.837388 -0.0210641 25.6698 17.5761 153.846
2.01018 -0.850624 -0.0137352 25.768 17.2593 154.05
2.0067 -0.853298 -0.0103773 25.7265 17.2635 153.784
2.00941 -0.860133 -0.0145037 25.5472 16.9037 154.111
1.99969 -0.875111 -0.000187391 24.9442 16.9275 153.586
1.97981 -0.888255 0.012495 24.7722 17.3562 153.345
1.98094 -0.888364 0.0107038 24.8031 17.3389 153.471
1.97129 -0.902811 0.0277418 24.2637 17.7628 152.756
1.95663 -0.923776 0.0424176 23.7397 18.3091 152.288
1.94355 -0.933727 0.0466918 23.4443 18.9531 151.463
1.94891 -0.933927 0.0462331 23.4527 18.9751 151.816
1.93159 -0.954063 0.0665409 22.6982 19.9903 150.66
1.92764 -0.957231 0.0581322 22.2578 20.2622 151.104
1.96652 -0.977783 0.0500832 20.95 18.8633 152.094
1.98104 -1.00296 0.0560566 19.2058 16.9989 151.703
1.95912 -0.999591 0.0710958 18.9732 17.0326 150.649
1.98275 -1.02472 0.0681392 17.613 15.0773 150.714
1.96207 -1.04442 0.0851168 16.527 14.1253 148.772
1.94548 -1.05894 0.103563 15.6487 13.6492 147.188
1.95307 -1.07093 0.112396 14.9604 12.6826 145.211
1.93978 -1.07105 0.118483 14.8752 12.6764 144.451
1.93307 -1.08012 0.129114 14.825 12.4015 143.123
1.92627 -1.08375 0.132839 14.9493 12.0851 142.421
1.92582 -1.08544 0.133915 14.9286 12.0285 142.113
1.92676 -1.08964 0.138921 14.9986 11.4846 141.322
1.91854 -1.09141 0.154068 14.4294 11.7309 140.366
1.9195 -1.08972 0.161072 14.196 11.5457 140.001
1.91688 -1.09006 0.161083 14.1964 11.5462 139.936
1.92213 -1.08967 0.163744 14.1401 10.9374 139.592
1.91449 -1.08998 0.167528 14.1023 10.9448 139.166
1.93364 -1.09673 0.166653 13.9355 10.4442 138.806
1.92623 -1.10943 0.172517 13.7721 10.4029 137.726
1.88861 -1.11484 0.184703 14.5608 11.4991 137.402
1.89797 -1.11899 0.180267 14.6263 11.4594 137.671
1.88713 -1.11962 0.176331 15.6928 11.7498 137.58
1.89882 -1.13006 0.173568 16.5722 11.6793 136.835
1.90467 -1.13379 0.16937 16.6424 11.6444 136.995
1.88909 -1.13761 0.170971 17.544 11.8098 136.927
1.88122 -1.14178 0.169922 18.3798 12.1725 136.523
1.88865 -1.14704 0.167866 18.4174 12.1331 136.766
1.88464 -1.1406 0.1606 19.2087 12.094 137.303
1.88496 -1.1459 0.159681 19.8494 11.9885 137.336
1.88544 -1.14457 0.157886 20.5841 11.7436 137.636
1.88207 -1.14855 0.159534 20.6175 11.7555 137.689
1.89022 -1.14465 0.149624 21.1492 11.2642 138.573
1.89647 -1.1415 0.130104 22.8094 9.0978 139.974
1.87562 -1.14864 0.138492 22.7817 9.13566 139.524
1.88354 -1.13909 0.143861 24.054 8.84586 138.714
1.8957 -1.11627 0.120125 25.8002 6.96461 141.957
1.94281 -1.14079 0.104314 25.6045 4.19934 141.761
1.92034 -1.14288 0.117911 25.3902 4.2934 140.623
1.92714 -1.15872 0.113296 25.5135 2.78991 140.579
1.91279 -1.16872 0.120923 25.5681 2.72573 139.79
1.91918 -1.17803 0.109114 25.5621 1.7315 140.508
1.90804 -1.17784 0.116706 25.4542 1.79524 140.043
1.91253 -1.20793 0.109989 24.8615 0.714444 139.905
1.88347 -1.23308 0.128809 24.0383 1.34892 138.425
1.86136 -1.24525 0.134253 23.8277 2.22563 137.499
1.82899 -1.24669 0.138686 24.54 3.67583 136.279
1.84235 -1.252 0.13612 24.6538 3.62828 137.013
1.82724 -1.2621 0.122514 25.4189 4.24268 136.56
1.80997 -1.27467 0.119402 25.9477 5.07229 135.857
1.82279 -1.28101 0.115955 26.0118 4.98955 136.333
1.79845 -1.28261 0.116701 26.5953 5.9263 135.457
1.80358 -1.2845 0.104769 26.918 6.38725 135.485
1.81309 -1.29365 0.100194 26.641 6.19199 135.777
1.81262 -1.29366 0.102084 26.5788 6.2116 135.541
1.77899 -1.27796 0.121333 26.7996 7.64253 134.161
1.77167 -1.2643 0.11992 27.487 8.84862 134.148
1.77655 -1.25057 0.120775 27.8881 9.75431 134.2
1.79168 -1.25331 0.115847 27.9499 9.70786 134.635
1.77924 -1.23593 0.121941 28.2634 10.6624 134.369
1.77183 -1.22229 0.130349 28.4642 11.6468 134.214
1.77885 -1.22234 0.128256 28.5056 11.6508 134.415
1.77225 -1.20863 0.130203 28.5934 12.5838 134.533
1.77843 -1.1955 0.140227 28.2793 13.4231 133.86
1.7484 -1.17543 0.163128 28.1408 15.3572 132.764
1.75205 -1.16541 0.166121 27.8948 17.1171 132.612
1.76896 -1.16331 0.159677 27.9823 17.1599 133.026
1.79 -1.16607 0.158288 26.9155 17.2478 133.083
1.78464 -1.15446 0.16562 25.7469 17.8552 132.929
1.78222 -1.15065 0.167578 25.6378 17.8586 132.52
1.78479 -1.14255 0.176717 24.3327 18.4508 132.172
1.78974 -1.1375 0.185923 22.8387 18.8598 131.596
1.78697 -1.13105 0.187533 22.7642 18.8891 131.197
1.77076 -1.12373 0.210342 21.6746 19.9996 129.661
1.77384 -1.11053 0.211677 20.9962 21.0334 129.498
1.78131 -1.10202 0.20626 21.0461 21.0889 129.706
1.7798 -1.09213 0.206955 20.1985 21.6917 129.551
1.78373 -1.08404 0.212609 18.896 22.3395 128.732
1.80311 -1.07807 0.211488 17.438 22.2629 128.669
1.80383 -1.07054 0.220599 15.8836 22.3091 127.932
1.79673 -1.05765 0.22668 14.5854 22.9349 127.189
1.79726 -1.05179 0.230706 14.4602 22.965 126.792
1.79465 -1.04272 0.228003 13.6819 23.2272 126.689
1.79869 -1.03322 0.234268 12.3351 23.4401 125.861
1.79942 -1.02875 0.238229 12.2448 23.4413 125.613
1.80501 -1.0231 0.232186 10.6097 23.2691 125.844
1.81521 -1.02042 0.237109 8.84623 22.9327 125.055
1.81693 -1.00683 0.228415 7.73892 22.6018 124.577
1.81374 -0.998952 0.232723 7.08253 22.6834 123.594
1.81151 -0.991205 0.240858 6.2369 23.1017 122.819
1.80641 -0.984936 0.241766 6.22062 23.1712 122.736
1.80845 -0.989177 0.249959 5.08025 23.3644 122.344
1.82596 -0.984514 0.246583 3.31967 22.9277 122.536
1.83759 -0.97625 0.246955 1.58171 22.4667 122.043
1.82112 -0.961734 0.249498 0.441584 22.8598 121.28
1.80475 -0.941759 0.248821 0.0171442 23.4802 120.463
1.80097 -0.935656 0.246115 0.0442567 23.5489 120.612
1.79294 -0.931581 0.254661 -0.319499 24.2171 120.063
1.80616 -0.920343 0.249957 -0.858572 24.5792 119.696
1.79992 -0.911799 0.249051 -1.65326 25.0562 119.554
1.79891 -0.908483 0.249317 -1.69343 25.1137 119.668
1.80224 -0.899218 0.24706 -2.42045 25.4275 119.278
1.80594 -0.89004 0.254127 -3.34022 25.7826 118.817
1.80578 -0.87173 0.244039 -4.03728 25.6424 118.947
1.80224 -0.869093 0.248538 -4.09758 25.6477 118.78
1.79799 -0.855407 0.257138 -4.5888 25.903 117.796
1.80858 -0.845854 0.264289 -5.42467 25.8404 117.515
1.81332 -0.833602 0.256279 -6.43932 25.3603 117.483
1.80079 -0.828838 0.262186 -6.47956 25.4011 117.151
1.80293 -0.818262 0.269206 -7.40956 25.5494 116.11
1.80111 -0.802339 0.267419 -8.01716 25.81 115.737
1.79402 -0.785478 0.281577 -8.90583 26.2753 115.108
1.817 -0.774804 0.279694 -10.0043 25.6785 115.387
1.80198 -0.770726 0.287724 -10.0341 25.7183 114.94
1.81983 -0.765369 0.285923 -11.3265 25.2125 114.976
1.82651 -0.750681 0.271682 -12.1009 24.5356 114.954
1.82364 -0.727309 0.262577 -12.3258 24.0277 114.825
1.81986 -0.70609 0.260695 -12.3905 23.5125 114.787
1.80946 -0.70655 0.269713 -12.445 23.5179 114.469
1.82491 -0.692566 0.261276 -12.7783 22.8637 114.665
1.84421 -0.677206 0.251265 -13.3027 21.571 115.148
1.82788 -0.674094 0.261347 -13.3762 21.6346 114.67
1.84587 -0.658833 0.248417 -13.4983 20.2506 114.503
1.84112 -0.641728 0.254678 -13.673 19.6169 113.86
1.83843 -0.621881 0.251135 -13.7507 19.1054 113.393
1.8358 -0.604491 0.247344 -13.6814 18.4242 113.238
1.85062 -0.578546 0.227395 -13.2821 17.258 113.292
1.8487 -0.570701 0.244323 -13.0472 16.8888 112.34
1.83713 -0.574507 0.256132 -13.0867 16.9143 112.068
1.84619 -0.559451 0.239539 -12.7405 16.3503 111.928
1.83753 -0.548586 0.243267 -12.2125 16.3833 111.103
1.82629 -0.533708 0.243715 -11.5921 16.8927 110.226
1.83298 -0.518231 0.241964 -11.1877 17.5153 109.78
1.83648 -0.489813 0.205978 -11.7276 17.5853 109.701
1.83855 -0.496933 0.213191 -12.7514 17.5835 108.714
1.83826 -0.491657 0.211414 -12.7849 17.611 108.698
1.82962 -0.500999 0.224978 -13.9448 17.7773 107.747
1.84405 -0.502105 0.224163 -14.4716 17.8192 106.498
1.83169 -0.485706 0.215963 -14.353 18.3286 105.895
1.82987 -0.463762 0.198986 -13.9069 18.4313 105.58
1.84992 -0.437971 0.171385 -13.4988 17.8174 105.803
1.8387 -0.419557 0.156315 -12.6831 17.8711 104.627
1.83397 -0.388017 0.143124 -11.611 18.5214 104.353
1.81665 -0.364627 0.136 -10.4741 19.6607 103.583
1.81925 -0.346207 0.129059 -9.50162 20.6294 103.408
1.8168 -0.333107 0.110586 -8.67562 20.8552 103.867
1.81752 -0.335964 0.11048 -8.6467 20.8489 103.873
1.81313 -0.327907 0.0985709 -7.81739 20.3787 104.118
1.81758 -0.308459 0.0995654 -6.99665 19.9221 104.011
1.81887 -0.312849 0.108279 -6.994 19.8464 103.712
1.81325 -0.289896 0.104749 -6.20448 19.8138 103.375
1.82921 -0.25667 0.10714 -5.96614 20.3319 103.27
1.83353 -0.245924 0.110141 -5.77352 20.6583 103.494
1.83405 -0.246666 0.110307 -5.76998 20.655 103.487
1.83673 -0.227938 0.102143 -5.54411 20.959 103.658
1.83667 -0.215637 0.0980423 -5.08624 21.0897 103.586
1.82632 -0.198132 0.0997685 -4.58277 21.6966 102.999
1.82617 -0.199272 0.100142 -4.57227 21.7016 102.993
1.84265 -0.176295 0.0905802 -4.44388 22.1976 103.058
1.85087 -0.166185 0.0810847 -4.44917 22.1953 102.817
1.84441 -0.178401 0.100898 -5.02748 22.1304 101.719
1.83318 -0.183622 0.113077 -6.34637 22.4558 101.068
1.85517 -0.166542 0.0836563 -7.21091 22.0913 100.83
1.85915 -0.146056 0.0728245 -7.54828 22.4795 100.322
1.85727 -0.129842 0.0626905 -7.12331 22.5968 100.359
1.85433 -0.111067 0.0510093 -6.20392 22.5722 100.363
1.86159 -0.0885641 0.0401607 -5.41124 22.2684 100.04
1.85544 -0.0747993 0.0341303 -4.31779 22.1093 99.7135
1.86015 -0.0530866 0.0242115 -3.0523 21.791 99.4752
1.85993 -0.0587621 0.0352433 -3.07187 21.7429 99.264
1.86394 -0.0236017 0.0169996 -1.83312 21.9786 99.2621
1.87434 -0.002632 0.00292422 -0.792707 21.8073 99.6537
1.87886 0.0200316 -0.00679518 0.247712 21.6683 99.6337
1.88995 0.0424992 -0.012649 0.925883 21.4638 99.9007
1.89128 0.0560973 -0.0139625 1.22337 20.8049 100.218
1.90458 0.0723224 -0.0237573 1.58934 19.7806 100.671
1.93373 0.0883206 -0.0304179 2.00906 19.2316 101.087
1.93523 0.0950738 -0.0277703 2.06831 19.1841 101.471
1.94707 0.112032 -0.0329 1.96847 18.8624 102.078
1.9497 0.113952 -0.0243002 1.43011 18.9765 102.128
1.95109 0.117363 -0.0135424 1.12083 19.3951 102.232
1.95457 0.120751 -0.0191543 1.13457 19.3819 102.286
1.95349 0.124678 -0.00324265 0.668131 20.1624 102.17
1.96523 0.145281 -0.00561682 0.626602 21.4174 102.979
1.97271 0.162717 -0.0389268 1.35836 22.1433 104.224
1.98055 0.179864 -0.0511994 2.14718 22.7514 105.237
1.98852 0.190615 -0.0708773 3.29557 22.6741 106.398
2.00035 0.206928 -0.0807917 3.98043 22.293 107.175
1.99959 0.207906 -0.0775971 3.94344 22.2487 107.007
2.01923 0.222092 -0.0763431 4.08981 21.4949 108.045
2.0323 0.229969 -0.0682241 3.87665 20.6239 108.94
2.03167 0.232912 -0.0636216 3.79107 20.5689 108.749
2.05013 0.247465 -0.0800022 4.10183 19.642 109.537
2.05277 0.255006 -0.0678359 3.81807 19.4295 110.102
2.05839 0.270946 -0.0545474 3.33974 19.7076 110.306
2.06077 0.286003 -0.0619753 3.81826 20.263 111.167
2.06551 0.304756 -0.077761 4.61547 20.651 111.88
2.07876 0.317732 -0.0963965 5.68449 20.4926 112.435
2.07799 0.312476 -0.0885502 5.65029 20.4665 112.364
2.08409 0.326896 -0.0978622 6.36282 20.4896 112.656
2.08755 0.340333 -0.107385 6.94026 20.3025 112.734
2.08957 0.347759 -0.0989069 7.00692 20.4049 112.734
2.09554 0.354352 -0.090689 6.8676 20.7068 112.795
2.09794 0.356972 -0.0944386 6.89134 20.6891 112.833
2.09698 0.362751 -0.0867344 6.6659 21.038 113.113
2.10589 0.367264 -0.0871265 6.41625 21.2574 113.504
2.10532 0.372126 -0.0695137 5.90319 21.9289 113.96
2.10846 0.372906 -0.0717071 5.73773 22.6444 114.246
2.11274 0.374976 -0.0755052 5.62631 23.2167 114.953
2.11003 0.382777 -0.0813413 5.58618 23.6757 115.849
2.11561 0.385359 -0.0873559 5.63223 23.6417 115.853
2.12795 0.381364 -0.0879136 5.72683 23.6141 116.685
2.13605 0.386769 -0.100142 6.03156 23.5904 116.989
2.1292 0.385454 -0.0912967 6.19823 24.2221 117.338
2.12496 0.385475 -0.0982242 6.28495 24.2687 117.332
2.12867 0.393077 -0.0804121 5.90696 24.7624 118.468
2.13921 0.404982 -0.0762114 5.38096 24.2281 119.514
2.14621 0.42815 -0.0780415 4.96311 23.2248 120.469
2.15676 0.434929 -0.0717124 4.4693 22.0842 120.787
2.17106 0.442832 -0.0752159 4.40621 21.0348 121.226
2.18876 0.440176 -0.0635829 4.31938 19.4008 122.229
2.21312 0.457768 -0.0604918 4.38889 17.7669 122.576
2.21283 0.46443 -0.0509103 4.26415 17.6815 122.398
2.22053 0.480787 -0.0580175 4.93652 16.8594 123.404
2.24175 0.504029 -0.066918 5.75357 15.8705 123.29
2.25676 0.514166 -0.0586932 5.87638 14.4815 123.893
2.26392 0.521966 -0.0543718 5.77379 13.8044 123.885
2.26281 0.526262 -0.0532336 5.74085 13.8 123.628
2.27027 0.521641 -0.0522665 6.05276 13.7852 123.867
2.27288 0.515042 -0.0387519 5.31252 13.9591 123.939
2.27588 0.521589 -0.0509147 5.38725 13.9648 124.056
2.26323 0.536361 -0.0383701 4.47977 14.0371 124.587
2.27446 0.553332 -0.0509829 3.99054 13.9549 124.091
2.27981 0.564693 -0.0642636 4.06979 13.9101 124.137
2.27452 0.568781 -0.0506972 3.73849 14.3247 124.286
2.27617 0.573039 -0.0760097 4.85975 15.4331 124.044
2.27516 0.565236 -0.0755614 4.88864 15.4822 124.132
2.26472 0.568899 -0.0603313 4.63233 16.143 124.295
2.28176 0.58385 -0.088091 5.12577 16.4263 123.966
2.28083 0.581252 -0.0887615 5.14708 16.4552 124.004
2.28644 0.591008 -0.0888166 5.17516 16.2306 124.372
2.28335 0.614038 -0.149514 7.45487 16.5079 123.664
2.28187 0.602358 -0.130343 7.33533 16.4793 123.505
2.2891 0.613616 -0.120886 7.47108 16.5552 123.521
2.29544 0.622992 -0.0962025 6.64986 15.7828 123.358
2.29441 0.627708 -0.0938921 6.59179 15.7647 123.366
2.28991 0.621536 -0.0626401 4.66369 14.8564 122.985
2.28787 0.629238 -0.0524748 3.60836 14.8903 122.498
2.29277 0.629554 -0.0467772 2.93833 15.1691 122.048
2.30114 0.625126 -0.0325942 2.74219 15.6404 122.021
2.2972 0.637481 -0.0498407 2.13443 15.9299 121.846
2.30031 0.652301 -0.0694851 2.04543 15.388 122.143
2.30384 0.658984 -0.0714792 2.04519 15.315 122.125
2.31512 0.672082 -0.074154 1.79927 13.7754 122.346
2.32432 0.679021 -0.0586406 1.34108 12.5451 122.419
2.32622 0.703779 -0.0473466 0.99441 11.03 122.782
2.33576 0.721795 -0.0472217 1.39276 9.66053 122.972
2.34661 0.760085 -0.0408187 1.46877 7.59404 122.772
2.34942 0.770526 -0.0243417 1.27364 7.39047 122.635
2.33758 0.788512 -0.00944745 0.282031 6.17294 122.874
2.34745 0.796748 -0.00565954 0.0344253 5.2026 122.798
2.34264 0.806804 0.0060258 -0.100965 4.88159 122.681
2.32559 0.814132 0.0466344 -2.12545 5.02636 122.893
2.32464 0.825274 0.0324029 -2.82576 5.48876 122.464
2.30733 0.836591 0.0711002 -4.44708 6.00118 123.634
2.31251 0.872709 0.0563469 -5.33509 6.3603 123.209
2.31129 0.884425 0.0385019 -5.24404 6.41492 123.261
2.30177 0.893929 0.0425688 -5.22689 7.3593 123.746
2.30688 0.900412 0.0426963 -5.53004 7.64709 124.13
2.31654 0.895638 0.042181 -5.67135 7.90124 124.315
2.31558 0.891838 0.039856 -5.66256 7.94375 124.498
2.30238 0.880252 0.0384543 -6.3321 8.74632 123.953
2.31619 0.877769 0.0351742 -6.42199 9.60077 124.188
2.31517 0.881702 0.0239287 -6.55471 10.3773 123.957
2.31614 0.885627 0.0117145 -6.45947 10.4117 124.068
2.32797 0.895931 0.0106105 -6.12855 10.7984 124.693
2.32689 0.912167 0.017151 -5.97923 10.0232 125.361
2.32627 0.915749 0.0240393 -6.00776 9.95557 125.1
2.32714 0.945245 0.01878 -5.57663 8.97444 125.31
2.32947 0.963773 0.0135095 -4.75737 8.90961 125.159
2.33299 0.970427 0.0241919 -4.55986 8.74259 125.585
2.33433 0.969717 0.0299844 -4.57787 8.70597 125.423
2.32531 0.973077 0.0555312 -5.32412 8.46003 125.775
2.3175 0.986983 0.0799794 -6.57775 8.18074 125.608
2.32069 0.997028 0.0729163 -7.05604 8.91704 125.376
2.32098 0.993579 0.0690125 -7.33299 9.5125 125.704
2.33096 0.991882 0.0731148 -8.17235 9.75364 125.713
2.33777 1.00071 0.0501647 -7.90034 10.0795 125.551
2.33661 1.0039 0.0414531 -7.83454 10.1357 125.698
2.33728 1.01848 0.0205683 -6.99566 10.7922 125.703
2.34119 1.02829 0.0226547 -6.4191 10.7886 125.952
2.34096 1.04851 -0.00422803 -5.0027 11.0069 126.06
2.33888 1.0424 0.011404 -5.10925 10.9639 125.881
2.33488 1.06088 -0.0109495 -3.63877 11.6426 126.142
2.33564 1.07142 0.00400776 -3.72615 11.3023 126.58
2.33402 1.09601 0.00838735 -4.19025 10.5208 126.458
2.32231 1.11007 0.00664208 -4.71074 10.6741 126.086
2.32897 1.1178 0.0034534 -5.06331 10.6437 126.193
2.31869 1.14158 -0.0150947 -4.77117 11.3885 125.871
2.31891 1.14325 -0.0166994 -4.74106 11.3946 125.671
2.31601 1.15722 0.00567567 -5.45533 11.2015 126.074
2.30802 1.19681 0.00123874 -5.49257 10.7055 125.681
2.30605 1.22504 -0.0117426 -4.98968 10.5323 124.956
2.30322 1.22758 -0.00679944 -5.02399 10.4967 124.827
2.29661 1.23636 -0.0209061 -4.5682 11.1221 124.317
2.2935 1.24275 -0.0313971 -4.07669 11.8571 123.862
2.28127 1.26612 -0.0517314 -3.51751 12.5096 123.309
2.2672 1.26938 -0.057398 -3.64131 14.052 122.572
2.27034 1.25045 -0.0601126 -3.0318 16.2125 121.006
2.26577 1.24026 -0.0638752 -2.98355 16.4265 121.09
2.23863 1.25329 -0.105241 -2.55259 18.8441 121.716
2.23791 1.24849 -0.112089 -2.48747 18.9704 121.728
2.23537 1.25404 -0.126889 -2.37228 19.7511 121.737
2.22824 1.25507 -0.141808 -2.22129 19.4337 120.97
2.22816 1.25697 -0.140919 -2.22591 19.4052 120.927
2.21878 1.26953 -0.164328 -1.57329 19.9223 120.795
2.20586 1.27446 -0.181728 -0.960531 20.5312 119.771
2.20559 1.27323 -0.178659 -0.960447 20.5258 119.729
2.19964 1.26865 -0.175563 -1.2756 20.1416 119.837
2.19834 1.27045 -0.188211 -1.01641 19.6386 118.809
2.19911 1.27142 -0.18413 -1.0469 19.5881 118.697
2.19535 1.26811 -0.179695 -1.89651 18.5516 118.228
2.19704 1.27198 -0.200809 -1.58667 17.8453 117.434
2.19638 1.28881 -0.222316 -0.754988 16.8901 116.504
2.19607 1.28637 -0.208351 -0.857606 16.8039 116.51
2.18842 1.31174 -0.22427 -0.577848 15.7615 115.098
2.17734 1.31649 -0.213997 -0.955207 15.4484 114.381
2.16635 1.32582 -0.237649 -0.298704 15.8621 112.829
2.16639 1.32273 -0.229196 -0.35336 15.85 112.756
2.16546 1.3315 -0.25643 1.02858 15.9722 111.97
2.15434 1.33517 -0.269573 1.89274 16.0596 111.165
2.13346 1.32355 -0.278457 2.09995 17.1791 109.327
2.11841 1.30202 -0.263688 1.36718 18.7872 109.181
2.11115 1.27024 -0.224081 -0.168863 19.3803 109.534
2.10765 1.25241 -0.202378 -2.0209 19.0818 109.9
2.10109 1.2593 -0.225718 -2.66573 18.5253 109.842
2.09219 1.26578 -0.241658 -2.53871 18.466 109.198
2.09192 1.2674 -0.241778 -2.54564 18.4541 109.118
2.07716 1.26091 -0.236052 -2.82545 18.5801 108.834
2.06354 1.24726 -0.214635 -3.60082 18.4253 108.621
2.05782 1.23664 -0.193805 -4.47805 17.8583 108.398
2.05017 1.22683 -0.153647 -5.90922 16.8184 108.54
2.04494 1.22476 -0.144664 -6.79147 16.0176 108.266
2.03875 1.22549 -0.153833 -6.91003 15.8698 107.776
2.03635 1.21678 -0.160425 -6.75663 15.8262 107.124
2.02776 1.20708 -0.161507 -6.65052 16.3261 106.397
2.00786 1.18685 -0.162572 -6.79327 17.3812 105.743
2.0029 1.16406 -0.140881 -7.25969 17.676 105.907
1.99554 1.14722 -0.120555 -8.04815 17.4274 105.533
1.99701 1.15019 -0.126371 -8.00984 17.426 105.567
1.99115 1.14151 -0.124287 -8.46288 17.346 104.762
1.99232 1.1308 -0.142399 -8.31279 17.8334 103.834
1.98607 1.10525 -0.137127 -8.35597 18.35 103.58
1.98594 1.09594 -0.131364 -8.16998 18.1055 102.835
1.98213 1.09553 -0.128997 -8.19584 18.1115 102.846
1.98367 1.09304 -0.140751 -7.5006 18.0826 101.794
1.98136 1.0855 -0.150651 -6.66051 18.0748 100.857
1.9796 1.081 -0.143064 -6.70211 18.0826 100.866
1.97375 1.06869 -0.147146 -6.67964 18.0178 99.8755
1.96862 1.05163 -0.144977 -7.09626 17.9216 99.1735
1.96975 1.04742 -0.149837 -7.07922 17.2301 98.4162
1.9633 1.04279 -0.154044 -7.10361 16.8195 97.4109
1.96198 1.04441 -0.154267 -7.12077 16.8145 97.4051
1.95331 1.03968 -0.151164 -7.50337 17.0687 96.3978
1.9378 1.02308 -0.137637 -8.15774 17.5598 96.1776
1.93915 1.01637 -0.145139 -8.1645 17.2408 95.6061
1.93862 1.01761 -0.147823 -8.15215 17.2541 95.6001
1.95119 1.00865 -0.12141 -8.67764 16.3213 95.1428
1.94915 1.00416 -0.122357 -8.88316 15.4102 94.382
1.96182 1.00513 -0.129719 -8.35932 14.495 93.5251
1.9545 1.00919 -0.146907 -7.60695 14.1694 92.4545
1.95023 1.0069 -0.159267 -6.47605 14.3146 91.5771
1.95669 1.01236 -0.157681 -5.35448 14.4779 90.6869
1.93808 1.02525 -0.165609 -4.22632 14.7264 89.7375
1.92422 1.02963 -0.171513 -3.17654 14.918 88.5956
1.91452 1.02852 -0.17235 -2.08105 14.9341 87.3524
1.9087 1.05382 -0.197884 -1.14386 15.3443 85.4714
1.89823 1.05398 -0.18887 -1.06527 16.4497 84.0942
1.87517 1.0439 -0.185266 -1.15795 17.8377 83.2514
1.85935 1.04982 -0.190951 -0.758251 18.7735 82.6202
1.84071 1.0504 -0.200738 -0.130136 19.6814 82.3002
1.83267 1.0351 -0.177773 -0.506973 19.7626 82.4804
1.8463 1.02233 -0.158383 -1.31236 18.9221 82.6751
1.8477 1.02355 -0.168094 -1.63366 17.9785 82.4287
1.84258 1.02962 -0.17739 -1.47902 17.3956 82.3214
1.83152 1.0377 -0.18456 -0.883568 16.9764 82.1795
1.83729 1.04473 -0.188248 -0.0389747 16.4701 82.1318
1.84355 1.03608 -0.174941 0.84782 15.7251 82.1596
1.83898 1.03549 -0.182346 1.82093 14.679 81.6516
1.83676 1.02896 -0.187418 2.50736 13.6025 81.2111
1.83834 1.03018 -0.20812 2.90795 12.8204 80.6006
1.83752 1.00997 -0.21527 2.7212 12.6108 80.4233
1.84436 0.98419 -0.215674 2.24255 12.2068 80.5253
1.84629 0.969267 -0.22411 2.25067 12.1884 80.4798
1.84646 0.9587 -0.211142 2.30188 12.2279 80.7507
1.836 0.964137 -0.21997 2.46037 12.3691 80.9083
1.81859 0.961901 -0.221489 2.26885 13.3227 80.7522
1.79597 0.93419 -0.210067 2.10764 14.9821 81.2945
1.79087 0.912985 -0.196205 1.87505 15.6661 82.3492
1.7945 0.904026 -0.188679 1.74685 15.5059 83.1108
1.79232 0.903646 -0.189899 1.74928 15.5193 83.0947
1.79129 0.891621 -0.183828 1.78722 15.1836 83.5352
1.7881 0.886093 -0.188853 1.8547 15.0751 83.6471
1.78591 0.858621 -0.171559 1.82672 15.2751 84.1871
1.79038 0.840361 -0.166102 1.85505 15.0003 84.8459
1.79684 0.819611 -0.151689 1.72812 14.5195 85.6002
1.8138 0.801775 -0.152053 1.44786 14.1704 86.3231
1.82032 0.787435 -0.157774 1.6093 14.0254 86.9623
1.82793 0.791676 -0.176338 2.67317 14.3405 88.3103
1.82821 0.795155 -0.179287 4.21754 15.1106 89.6021
1.83019 0.808674 -0.181784 5.78806 16.6654 90.9011
1.81296 0.808508 -0.180567 7.11057 18.4883 91.968
1.80322 0.800268 -0.178148 8.07271 20.1012 93.3956
1.80907 0.791493 -0.171432 8.12991 20.1015 93.3786
1.7769 0.789562 -0.18322 8.7979 21.7551 94.6604
1.79015 0.771459 -0.177737 9.25575 22.2086 96.8117
1.79591 0.747275 -0.164293 9.00897 22.07 98.3595
1.79792 0.733566 -0.161774 9.23428 21.5613 99.8463
1.80005 0.724694 -0.155298 9.48 20.6787 101.198
1.81368 0.715244 -0.136355 9.2861 19.1055 102.546
1.81967 0.695999 -0.105918 9.12706 17.1247 103.506
1.83077 0.695261 -0.0989077 9.25282 15.4299 104.284
1.83175 0.693047 -0.11041 9.64482 14.1282 105.116
1.84491 0.685082 -0.105518 9.95082 13.0388 106.139
1.84463 0.665582 -0.0859515 9.61793 12.1972 106.98
1.85223 0.656633 -0.0951791 9.49118 11.145 107.494
1.85605 0.637315 -0.0871472 9.19639 10.7322 108.242
1.85497 0.637656 -0.0898548 9.21699 10.7557 108.309
1.85224 0.609505 -0.0685986 8.64884 10.7213 108.789
1.85163 0.587834 -0.059479 7.88062 10.5919 109.031
1.85177 0.563499 -0.0613811 7.28896 11.1223 108.816
1.85457 0.566931 -0.0751319 7.38696 11.1278 109.035
1.85366 0.557356 -0.0816785 7.3826 11.4359 109.405
1.85186 0.523016 -0.0693047 7.07679 11.3425 109.467
1.85132 0.499976 -0.0816978 6.9245 11.4456 109.757
1.8556 0.500165 -0.0891325 7.01552 11.4349 110.074
1.85148 0.476691 -0.0803586 7.26475 10.6547 110.209
1.86256 0.471997 -0.0879636 8.19553 10.094 110.814
1.86841 0.472952 -0.0947818 9.10523 9.79586 111.346
1.87078 0.444952 -0.0746488 9.56473 9.62164 111.845
1.86976 0.437207 -0.0682741 9.57401 9.64915 111.692
1.86443 0.429634 -0.0600945 9.53843 10.2732 112.08
1.86366 0.414629 -0.0567443 9.55207 10.9309 112.933
1.85938 0.408681 -0.0538535 9.53762 10.9649 112.884
1.86079 0.385946 -0.0362529 8.88972 11.6769 113.777
1.85907 0.364004 -0.0195762 8.26583 12.2525 114.61
1.85568 0.353377 -0.0242817 8.02471 12.8511 115.393
1.849 0.344174 -0.0237247 8.26641 13.2685 116.311
1.84743 0.331484 -0.0128022 8.03204 13.8177 117.175
1.8275 0.30299 -0.0168395 7.90779 13.2479 117.877
1.82797 0.304868 -0.0187748 7.90646 13.2377 117.961
1.82028 0.288472 -0.0328262 7.67712 12.2995 118.159
1.83117 0.238491 0.00967391 6.97475 11.3645 118.137
1.85124 0.233958 -0.0100821 6.84303 10.8257 118.557
1.86373 0.231256 -0.027542 6.83414 10.6458 118.888
1.86644 0.218745 -0.0300263 6.60948 10.7403 119.263
1.85889 0.203915 -0.0288387 6.7364 10.7924 119.362
1.86591 0.197729 -0.0352217 6.99946 10.5675 119.706
1.86544 0.175935 -0.0241316 6.95814 10.1576 119.884
1.87751 0.171625 -0.0383595 7.67338 9.32747 120.515
1.87837 0.170535 -0.0362608 7.67673 9.31847 120.462
1.87462 0.152519 -0.0397362 8.7152 8.68855 120.505
1.87737 0.151506 -0.0464753 9.61528 8.50637 120.268
1.86994 0.127438 -0.0410767 9.80003 8.33513 120.191
1.87562 0.108973 -0.0412424 9.90579 8.07493 120.164
1.86951 0.0851567 -0.0309361 9.91368 7.63188 120.033
1.87429 0.0638844 -0.0299083 10.1788 7.08367 120.001
1.86616 0.046534 -0.0240308 11.0509 6.94866 120.3
1.86577 0.0492147 -0.0287401 12.4517 7.16316 119.922
1.8612 0.0354189 -0.0165369 12.4606 7.18296 119.722
1.81964 0.0240902 0.00459111 14.1973 7.65547 119.348
1.81539 0.0375925 -0.0205815 16.7314 7.7428 119.506
1.82561 0.0194304 -0.00968989 16.8535 7.66334 119.745
1.81946 0.0480594 -0.0451396 19.1372 7.49339 120.356
1.84169 0.0646292 -0.0673365 20.9194 6.92589 120.83
1.84894 0.0696543 -0.0636957 21.7347 6.50702 120.814
1.84539 0.0542873 -0.0598224 21.9438 5.99978 120.736
1.84626 0.0527137 -0.0585692 21.9387 5.98824 120.667
1.84573 0.0308946 -0.05826 21.6773 5.44603 120.424
1.843 0.0168887 -0.0685605 21.9683 5.20316 120.138
1.84427 0.0156314 -0.0707552 22.0112 5.20245 120.113
1.84643 -0.000196974 -0.0738218 22.334 5.27594 119.762
1.84459 -0.0128429 -0.0708433 22.2946 5.63681 119.6
1.84483 -0.0176632 -0.0730155 22.3568 5.64582 119.668
1.84094 -0.0267224 -0.0644743 22.1709 5.92097 119.532
1.84243 -0.0374668 -0.0613022 22.0467 5.81237 119.292
1.84262 -0.0371341 -0.0617926 22.044 5.8161 119.278
1.84212 -0.0450784 -0.0621452 22.1402 5.78181 118.778
1.83927 -0.0503102 -0.0599115 22.5853 5.85461 118.642
1.8376 -0.0585864 -0.0544395 22.7918 5.10243 118.717
1.83882 -0.0643378 -0.0456292 22.7253 5.09494 118.62
1.84277 -0.0752879 -0.0411513 22.3951 4.28777 118.186
1.83918 -0.103007 -0.0100954 21.8195 4.57065 117.261
1.83761 -0.115482 -0.0064915 21.5022 5.09061 116.541
1.82914 -0.120257 -0.000753801 21.2669 5.82927 116.057
1.82834 -0.118618 -0.00600668 21.3414 5.83734 116.208
1.82419 -0.137114 0.000262382 21.1135 6.16081 116.067
1.82071 -0.146136 -0.0100568 21.2936 6.30395 115.714
1.81103 -0.15376 0.00157377 21.2418 6.63433 115.54
1.81678 -0.151699 -0.00829174 21.6278 6.42956 115.923
1.82051 -0.163903 -0.00263175 21.5141 5.97669 115.895
1.81779 -0.176462 -0.000126708 21.1825 5.64252 115.576
1.81797 -0.197659 0.00902632 20.4951 5.09817 115.813
1.81998 -0.195952 0.0100212 20.4452 5.0949 115.799
1.82329 -0.209848 0.00536738 19.8988 4.2996 115.723
1.83628 -0.227546 0.0137452 19.2818 3.82997 115.454
1.837 -0.236924 0.0316771 18.7004 3.72096 115.415
1.83985 -0.235632 0.0300711 18.8927 3.4071 115.992
1.84209 -0.239165 0.0367856 19.1274 2.85622 115.933
1.83501 -0.240332 0.0429766 19.0542 2.89626 115.735
1.843 -0.237723 0.0385439 19.6657 2.19407 116.542
1.83841 -0.238962 0.0344926 20.6638 1.02133 116.351
1.8496 -0.249076 0.0622431 20.7855 0.584139 115.671
1.84461 -0.266557 0.0804779 19.8247 0.0388497 115.97
1.84443 -0.263091 0.0818029 19.7571 0.0430246 115.9
1.84838 -0.293589 0.0807273 18.4606 -0.48267 115.309
1.8389 -0.328386 0.103869 16.9877 0.278187 114.331
1.84376 -0.321229 0.0980689 17.0021 0.238495 114.669
1.83457 -0.347979 0.110545 16.7017 0.684414 114.077
1.83589 -0.356484 0.123395 16.6162 0.970973 114.825
1.83715 -0.370045 0.127022 16.2998 0.548569 115.842
1.83797 -0.366379 0.124573 16.2892 0.545857 115.76
1.83808 -0.386431 0.141479 15.5869 0.344103 116.224
1.83589 -0.403067 0.149294 14.759 -0.314664 117.62
1.8322 -0.424476 0.148839 13.5491 -1.06076 118.306
1.8329 -0.421832 0.153989 13.4194 -1.04951 118.086
1.83146 -0.444734 0.169649 13.0158 -0.635002 117.455
1.80794 -0.438137 0.18273 13.1939 1.13928 117.874
1.80123 -0.435623 0.171714 13.17 2.11843 119.221
1.80945 -0.433688 0.159121 13.3322 2.0652 119.735
1.78895 -0.456831 0.163299 12.622 2.83196 120.433
1.77433 -0.468961 0.154389 12.345 4.16775 120.704
1.75685 -0.460867 0.154158 13.1516 6.24123 121.589
1.76073 -0.463589 0.134262 13.4917 6.20175 122.36
1.73246 -0.454336 0.142912 14.4106 8.52848 122.611
1.72724 -0.448901 0.12649 15.6531 9.60756 123.86
1.71379 -0.443377 0.124346 16.1583 11.0249 124.975
1.70732 -0.443326 0.107381 16.4688 11.8578 126.117
1.70164 -0.446615 0.113599 16.1939 12.804 127.343
1.70094 -0.438488 0.101958 15.6086 13.3997 128.326
1.70194 -0.430446 0.0962146 15.601 13.4358 128.384
1.70225 -0.436668 0.0995525 14.8324 13.372 129.266
1.71585 -0.422472 0.0890382 14.1207 12.8249 130.697
1.71864 -0.416646 0.0915623 14.0019 12.8265 130.667
1.72391 -0.409382 0.0893777 13.3084 12.2014 131.683
1.74185 -0.399636 0.0864008 12.6901 11.4532 132.932
1.75232 -0.38254 0.0858384 12.622 11.1612 133.416
1.74891 -0.380192 0.0906523 12.6705 11.8548 133.693
1.75056 -0.378028 0.0808155 12.7732 11.851 133.961
1.7478 -0.378205 0.0752091 12.5174 13.0482 134.213
1.73799 -0.390103 0.0644546 12.5584 13.6231 134.754
1.74314 -0.386886 0.028352 13.214 13.5487 135.604
1.7459 -0.384699 0.0147826 13.1496 13.515 136.441
1.74762 -0.383488 0.0118543 13.1626 13.4974 136.476
1.76156 -0.361519 -0.0198763 13.3326 12.3325 137.996
1.77189 -0.344522 -0.0343357 13.6914 10.8864 138.603
1.76867 -0.348841 -0.0157225 13.4831 10.9093 137.997
1.78451 -0.331957 -0.0172223 13.7033 9.92703 138.454
1.79675 -0.314565 -0.0142683 13.7562 9.15221 138.877
1.80478 -0.295716 -0.0100921 13.9691 8.53609 139.425
1.7997 -0.299244 0.00133943 13.8384 8.55609 139.018
1.82057 -0.277492 0.00426389 14.1679 8.27852 140.121
1.83243 -0.264159 -0.00228015 14.2215 7.66072 140.834
1.83572 -0.266138 0.00272027 14.1784 7.62303 140.791
1.83759 -0.263028 0.00220239 14.0682 7.09671 140.915
1.83473 -0.27076 0.0139557 13.305 7.9344 140.202
1.83704 -0.265648 0.00704924 13.3252 7.93366 140.343
1.8254 -0.265006 0.0205361 12.9539 9.49762 139.865
1.82851 -0.247959 0.0165284 12.9549 10.9721 140.077
1.8343 -0.243067 -3.787e-05 13.1235 10.9555 140.664
1.84215 -0.230482 -0.00143553 12.5536 11.5379 141.083
1.86739 -0.209496 -0.0113185 11.6805 10.8253 142.018
1.89415 -0.194257 -0.0168249 11.0511 10.3788 142.239
1.88581 -0.186143 -0.0198629 10.9928 10.4223 141.952
1.89075 -0.186186 -0.0347376 10.4191 10.1007 141.838
1.90095 -0.198562 -0.0430238 9.73005 9.48086 141.91
1.90203 -0.194346 -0.0436958 9.67201 9.46708 141.905
1.9138 -0.19983 -0.0480294 8.90145 8.75769 142.037
1.9195 -0.20144 -0.0453714 7.58317 7.98379 142.45
1.91841 -0.193991 -0.0435559 7.48654 8.00658 142.261
1.91817 -0.19734 -0.0522924 6.6979 6.3654 142.472
1.92824 -0.205343 -0.0338899 5.22448 4.67187 141.952
1.93063 -0.197101 -0.0194396 4.96104 4.65107 141.49
1.96205 -0.201245 -0.0171136 3.95231 3.57817 141.68
1.98206 -0.190105 0.000356549 3.0163 3.15387 141.758
1.98034 -0.173748 0.0116624 1.84776 2.74025 142.32
1.98343 -0.181448 0.0350031 2.50867 1.00525 144.192
1.98004 -0.185586 0.0532439 2.36446 1.05433 143.411
1.9918 -0.141624 0.017278 4.41599 -0.571508 143.926
2.03793 -0.108359 0.00596913 5.92621 -1.35665 143.58
2.05634 -0.100492 0.0059239 6.99297 -1.51521 144.2
2.05281 -0.107225 0.0104365 6.98658 -1.47276 143.957
2.07116 -0.0850927 -0.00960143 7.41323 -1.89489 144.495
2.09001 -0.0702484 -0.0119568 7.64727 -2.37508 144.354
2.08999 -0.0522255 0.00744396 7.46799 -1.75328 143.053
2.09496 -0.0456638 0.0117164 7.1808 -1.07899 143.09
2.10017 -0.0414292 0.0194037 6.53723 -0.265931 142.718
2.10559 -0.0357527 0.00973484 6.60404 -0.306725 142.99
2.08459 -0.0571724 0.0577812 5.54867 1.14752 142.59
2.04365 -0.0952665 0.114799 3.38122 3.25732 142.615
2.03137 -0.115938 0.136017 0.677318 5.04231 142.646
2.06884 -0.0787416 0.0871457 -0.222842 5.89297 143.734
2.08172 -0.0748814 0.0730246 0.346113 6.34208 144.848
2.07198 -0.0777403 0.0767732 0.91697 6.9524 145.78
2.06512 -0.0672055 0.0589764 2.12524 7.22702 147.166
2.09181 -0.057033 0.0456002 3.33414 7.15837 147.655
2.0958 -0.0592189 0.044393 3.38699 7.1317 147.685
2.07875 -0.0776102 0.0652875 3.33276 7.57417 148.459
2.08312 -0.0838875 0.0552707 4.52074 7.89548 148.464
2.08096 -0.107005 0.0639461 4.77217 8.02339 148.451
2.07641 -0.109605 0.0582612 4.86929 8.08164 148.482
2.07833 -0.128051 0.0409242 5.60732 7.39259 148.623
2.07134 -0.136566 0.0482935 5.61198 7.39627 148.476
2.06139 -0.149501 0.0447757 5.35912 6.95221 148.481
2.08426 -0.183766 0.0534628 4.60474 6.46888 147.916
2.08816 -0.183654 0.0532323 4.59657 6.44243 147.92
2.09424 -0.193502 0.0591607 4.52636 6.36091 147.759
2.0873 -0.205984 0.0633145 4.48531 6.5309 147.767
2.09014 -0.20596 0.0603817 4.51075 6.51066 147.761
2.08629 -0.23284 0.0761751 4.31187 6.46211 147.752
2.10188 -0.242898 0.0658967 4.57142 5.75739 148.179
2.09937 -0.248968 0.0735222 4.51474 5.75803 148.223
2.091 -0.263753 0.080056 3.95989 5.54499 148.591
2.08668 -0.284619 0.082634 2.85397 5.38106 149.028
2.09183 -0.279931 0.0776507 2.8535 5.35425 149.25
2.09122 -0.31503 0.0787218 1.70252 4.91482 149.904
2.08814 -0.348362 0.0837204 0.430135 4.62776 149.804
2.08942 -0.383599 0.103254 -0.28881 4.84429 149.023
2.09178 -0.3798 0.0963063 -0.268878 4.86143 149.32
2.071 -0.391749 0.11241 -0.5591 5.69198 148.907
2.05644 -0.425505 0.122031 -0.85619 6.53607 148.763
2.04391 -0.45864 0.133538 -1.29105 7.28319 148.872
2.02603 -0.468869 0.131561 -0.622787 7.82248 149.428
2.00731 -0.485783 0.151952 0.949267 8.75082 149.201
2.01677 -0.493329 0.141595 1.12322 8.69171 149.702
1.96922 -0.489976 0.163663 3.10165 10.2031 149.426
1.95384 -0.498679 0.160373 5.69844 10.9153 149.822
1.9835 -0.496152 0.15284 7.48043 11.5346 149.625
2.00247 -0.501314 0.135298 7.71778 11.4087 150.273
1.97687 -0.501834 0.1376 8.81223 12.4198 150.957
1.97887 -0.498644 0.127968 9.6351 13.0178 151.994
1.99488 -0.501252 0.115626 9.77523 12.9346 152.458
2.00713 -0.508697 0.124041 10.2172 13.1078 152.656
2.0011 -0.524939 0.120029 10.7633 13.3397 153.027
1.97873 -0.546578 0.138754 10.6202 14.1838 152.628
1.99894 -0.551998 0.130138 10.7131 14.0536 153.042
2.01996 -0.558897 0.089314 11.9878 13.2045 154.063
2.0198 -0.573356 0.090346 12.7045 12.9715 154.07
2.04098 -0.597088 0.0805327 13.6159 11.9503 154.134
2.04522 -0.620575 0.0883677 13.4146 11.3826 153.701
2.05078 -0.634826 0.089106 13.2612 10.7067 153.826
2.04629 -0.637648 0.0954848 13.1895 10.7302 153.625
2.0618 -0.646727 0.0873194 13.1009 9.92179 153.864
2.05492 -0.647419 0.0909535 13.0819 9.96531 153.824
2.05083 -0.669643 0.0851733 12.5767 9.64158 154.011
2.05668 -0.694427 0.0716122 12.3186 9.04777 154.236
2.05666 -0.696217 0.0732935 12.2911 9.03749 154.149
2.05365 -0.721707 0.0677558 11.899 8.75493 154.27
2.05259 -0.743987 0.0601683 11.612 8.50153 153.712
2.05039 -0.744054 0.0594668 11.6369 8.51502 153.739
2.03481 -0.769567 0.0584051 11.7363 8.77123 153.273
2.03734 -0.787581 0.0589014 12.4325 9.15277 152.238
2.0454 -0.792682 0.0542193 12.5217 9.1048 152.759
2.01566 -0.797512 0.0523053 13.2423 10.2099 152.308
2.02018 -0.811539 0.0266695 14.3776 10.1753 152.457
2.0247 -0.812569 0.0167105 14.5519 10.1333 153.209
2.03654 -0.828629 0.0163974 15.1228 9.98294 152.327
2.03771 -0.835869 0.0129042 15.6431 10.0296 152.035
2.04359 -0.834878 0.00751484 15.6833 9.99927 152.13
2.02986 -0.833253 0.0176574 15.9774 11.0142 151.271
2.02448 -0.831437 0.0251433 16.4849 12.2348 150.338
2.04587 -0.833914 0.00896444 16.6466 12.0764 150.925
2.01456 -0.827718 0.0306317 16.8673 14.0482 149.922
2.0158 -0.826405 0.0367184 16.9939 15.5509 149.052
2.02973 -0.832607 0.0199967 16.8039 16.4374 149.277
2.04325 -0.848652 0.00258007 16.7446 16.1852 149.727
2.04637 -0.849285 -0.000312309 16.7742 16.1742 149.842
2.05243 -0.861428 -0.018088 16.9336 15.7705 149.447
2.0621 -0.87022 -0.0554614 17.4422 14.3583 150.678
2.07495 -0.885962 -0.0879478 17.6203 12.0913 150.655
2.08106 -0.915362 -0.0960575 17.4864 9.91571 149.627
2.05311 -0.921354 -0.0731932 17.3073 10.0596 148.506
2.08296 -0.925588 -0.101794 17.6177 8.24157 148.763
2.09935 -0.930289 -0.134663 17.9058 5.96883 149.599
2.10988 -0.943294 -0.178649 17.8889 2.98619 150.508
2.07709 -0.94659 -0.151665 17.6798 3.25384 149.318
2.1244 -0.990109 -0.198046 16.8411 -0.354994 150.197
2.15779 -1.04685 -0.237102 16.0179 -4.92684 149.43
2.09943 -1.08246 -0.186047 15.7251 -5.11749 145.755
2.0794 -1.08473 -0.170791 15.6175 -4.91845 145.012
2.04823 -1.08947 -0.159628 16.3919 -3.67284 143.643
2.02268 -1.10809 -0.161992 17.6337 -2.8035 143.337
2.01131 -1.13685 -0.173143 18.6052 -2.58362 143.312
1.9941 -1.14673 -0.176218 19.5723 -1.69127 143.049
2.0099 -1.15724 -0.184962 19.6687 -1.87854 143.557
1.99218 -1.163 -0.176251 20.5441 -0.938559 142.843
1.97753 -1.17092 -0.180012 21.6913 -0.10115 142.888
1.96314 -1.18286 -0.186588 22.988 0.519571 143.127
1.97477 -1.19519 -0.196522 23.1142 0.355839 143.512
1.94907 -1.20112 -0.186099 24.2787 1.4167 142.679
1.93411 -1.20982 -0.186858 25.5739 2.35083 142.193
1.93059 -1.22362 -0.196173 26.647 2.74071 142.151
1.94497 -1.23332 -0.20324 26.7126 2.61856 142.513
1.95362 -1.24832 -0.204523 26.9183 2.27265 142.459
1.95867 -1.26146 -0.213504 26.9636 1.27344 142.467
1.95567 -1.27541 -0.216219 26.9516 0.221904 142.124
1.94717 -1.27768 -0.213746 26.9227 0.24236 141.662
1.94521 -1.2878 -0.218991 27.1711 -0.878474 140.882
1.91531 -1.30187 -0.200576 27.6023 -0.123712 138.497
1.92667 -1.31079 -0.205592 27.6412 -0.256094 138.745
1.90251 -1.30895 -0.217657 28.4438 0.2316 138.597
1.92713 -1.34131 -0.250988 28.5586 -1.68351 139.376
1.91389 -1.35051 -0.2419 28.5161 -1.63667 139.163
1.89417 -1.35659 -0.242519 28.8071 -1.14581 138
1.88555 -1.35726 -0.23632 29.0388 -0.285775 138.021
1.89151 -1.35899 -0.245819 29.2229 -0.190945 138.797
1.89523 -1.36461 -0.234639 29.0855 0.404849 138.09
1.89018 -1.35957 -0.234278 28.9775 1.21412 138.492
1.89806 -1.35969 -0.23642 28.9807 1.18802 138.799
1.90403 -1.35935 -0.236993 28.4049 1.71746 139.211
1.90102 -1.355 -0.216872 27.4093 3.28548 138.86
1.90267 -1.34 -0.195971 26.3643 5.22431 138.41
1.91839 -1.31967 -0.18839 25.7158 6.40926 138.666
1.92875 -1.31381 -0.191887 25.7451 6.41923 138.888
1.91367 -1.29349 -0.168783 25.4977 8.33376 138.274
1.91418 -1.25461 -0.144984 25.3708 10.7801 138.245
1.93904 -1.21539 -0.145914 25.033 12.1268 139.094
1.9562 -1.21007 -0.153097 25.0356 12.0912 139.478
1.96868 -1.18302 -0.15563 25.1731 12.0088 140.192
1.97141 -1.15017 -0.139804 25.2637 12.8611 139.428
1.95908 -1.10718 -0.13041 25.4401 14.9242 139.991
1.98711 -1.07549 -0.130269 25.1029 15.3076 140.59
1.9979 -1.04306 -0.127337 24.2955 15.8868 141.383
2.00169 -1.03289 -0.131233 24.2773 15.9232 141.406
2.01092 -1.01747 -0.11278 23.0902 16.53 141.24
1.99825 -0.987719 -0.0994182 22.7183 17.6327 140.698
1.98569 -0.96365 -0.0897629 22.5349 18.8257 140.367
1.97412 -0.931923 -0.0724755 22.2372 20.6442 139.463
1.99688 -0.927714 -0.0847059 22.2832 20.5621 139.822
1.95906 -0.8825 -0.0466395 21.816 22.9836 139.14
1.99794 -0.857107 -0.0364774 21.1297 23.8301 139.325
2.01319 -0.847353 -0.0486404 21.2043 23.8272 139.698
2.00457 -0.80744 -0.0219402 21.0581 24.8578 139.144
1.97365 -0.754617 0.00626741 21.4706 27.273 138.558
1.95216 -0.705623 0.0296309 22.1866 30.0067 137.881
1.98194 -0.711051 0.00652705 22.4728 29.9592 138.905
1.94106 -0.689789 0.0683827 22.0918 33.1954 137.246
1.936 -0.671189 0.0926762 21.5334 35.8561 136.029
1.97229 -0.675269 0.0657737 21.8156 35.8175 137.008
1.92718 -0.651741 0.117121 21.075 39.1178 135.023
1.9615 -0.65485 0.0896565 21.3963 39.1349 136.075
1.93427 -0.649844 0.135016 20.2816 41.6787 134.071
1.95139 -0.644909 0.127324 19.5705 42.8221 134.125
1.96902 -0.645305 0.114616 19.7045 42.8619 134.601
1.95359 -0.641573 0.137282 18.6041 44.0193 133.675
1.95183 -0.640041 0.143499 17.9676 44.8954 133.38
1.96653 -0.63595 0.135619 17.7809 45.0226 134.315
1.9667 -0.636419 0.13398 17.8198 45.0344 134.388
1.97559 -0.641087 0.13799 17.3986 44.3261 134.643
1.97034 -0.638942 0.142122 17.2924 44.2175 134.206
1.97209 -0.642777 0.149874 16.6247 43.8265 134.833
1.9846 -0.641285 0.151963 15.9296 43.0341 135.405
1.97384 -0.639872 0.158595 15.6877 42.497 135.297
1.95745 -0.635952 0.172982 15.4581 42.7413 134.719
1.95662 -0.630898 0.172532 15.2439 42.7298 134.99
1.95514 -0.628648 0.173204 15.2087 42.7141 134.849
1.95708 -0.624378 0.167423 15.0564 42.2357 135.451
1.95849 -0.622142 0.168231 14.631 41.6529 135.353
1.94827 -0.625475 0.177347 14.4329 41.1315 135.022
1.93987 -0.625236 0.183605 14.3586 41.1076 134.756
1.94419 -0.617604 0.175931 14.5359 40.8129 135.187
1.93945 -0.611726 0.177152 14.6249 40.5041 135.384
1.92882 -0.607996 0.178014 14.6246 40.333 135.284
1.91997 -0.611067 0.188464 14.219 40.3326 134.715
1.9104 -0.612056 0.187858 14.0391 40.5106 134.727
1.91334 -0.612309 0.186868 14.0456 40.5158 134.811
1.90185 -0.612443 0.181373 14.2512 40.7006 135.002
1.89648 -0.612969 0.174212 14.8688 40.7012 135.159
1.89115 -0.611139 0.167406 15.2673 40.6491 135.736
1.90131 -0.611088 0.163021 15.4242 40.0583 136.173
1.89467 -0.610071 0.166099 15.3959 40.0472 136.021
1.89869 -0.608625 0.156933 15.7139 39.3434 136.844
1.89581 -0.604628 0.148903 16.1831 38.5823 137.183
1.90205 -0.60825 0.144471 16.3395 37.5556 137.406
1.91886 -0.610502 0.134318 16.2999 36.1107 137.688
1.90179 -0.610186 0.146428 16.1695 36.0821 137.085
1.89754 -0.607377 0.138761 16.1097 35.3085 137.547
1.88274 -0.612269 0.14664 15.5002 35.03 137.046
1.87845 -0.605831 0.146692 15.4698 35.0222 136.938
1.86976 -0.616662 0.149963 14.8345 34.8547 136.746
1.86586 -0.614191 0.151198 14.8156 34.8626 136.667
1.86831 -0.6179 0.149168 13.9154 34.6972 136.399
1.85227 -0.624652 0.16249 13.0182 34.7613 135.329
1.84986 -0.624472 0.166394 12.9699 34.7728 135.301
1.82274 -0.621445 0.17085 12.8742 35.3971 134.997
1.82269 -0.613717 0.167072 12.9971 35.5221 135.201
1.82309 -0.612989 0.166077 13.0126 35.5565 135.335
1.82903 -0.608692 0.161579 12.9079 35.3096 135.756
1.83566 -0.600326 0.160493 12.7154 34.6039 135.997
1.82481 -0.600381 0.172266 12.5923 34.588 135.521
1.84545 -0.595658 0.159934 12.639 33.4836 136.619
1.85208 -0.588662 0.147943 12.809 32.2507 137.581
1.83763 -0.585204 0.158811 12.7196 31.4226 137.942
1.82709 -0.586059 0.17063 12.5794 31.347 137.175
1.8296 -0.579531 0.161176 12.6719 30.9375 138.304
1.83275 -0.571626 0.154223 12.5726 30.4944 139.043
1.8284 -0.568591 0.156696 12.5451 30.536 139.035
1.83842 -0.562392 0.149827 12.3502 29.8959 140.111
1.84787 -0.55636 0.142137 11.9285 29.1842 140.992
1.83535 -0.544764 0.13958 11.8265 28.7993 142.002
1.84161 -0.531467 0.135944 11.6841 28.5843 142.407
1.85633 -0.522894 0.122782 11.5118 27.7929 143.856
1.84462 -0.521595 0.133293 11.3921 27.8077 143.373
1.88172 -0.509458 0.104503 11.3996 26.368 145.491
1.87771 -0.496041 0.108455 11.2175 25.4918 146.014
1.86134 -0.491139 0.117481 11.0838 25.5351 145.396
1.87241 -0.473496 0.111343 10.6282 25.1058 146.41
1.9122 -0.469128 0.0928886 10.1137 23.3168 148.463
1.90723 -0.450167 0.0765756 10.1317 22.1453 148.634
1.89635 -0.451422 0.0931777 9.95664 22.1381 148.125
1.89634 -0.419467 0.072582 10.567 21.7324 149.562
1.88751 -0.409648 0.0746111 11.2459 21.3236 150.547
1.90174 -0.388185 0.0495156 11.9477 20.2128 152.13
1.91167 -0.375954 0.0541949 12.0416 19.2304 152.707
1.91014 -0.358101 0.0515027 12.2182 19.0078 152.951
1.90576 -0.35553 0.0540123 12.166 19.0238 152.647
1.90297 -0.341013 0.0446943 12.5265 19.1175 153.158
1.88257 -0.322429 0.043963 13.2871 19.5283 152.835
1.8961 -0.301508 0.0468859 14.0121 19.962 152.552
1.91366 -0.287723 0.0379344 13.9719 19.9962 152.912
1.91527 -0.286645 0.0355864 13.9944 19.9776 152.968
1.9216 -0.277256 0.0291441 13.7729 19.3758 153.331
1.93804 -0.26174 0.0237124 13.6722 18.8022 153.44
1.91559 -0.244042 0.010822 14.1409 18.6896 153.592
1.91313 -0.248866 0.0171562 14.1319 18.6795 153.536
1.92174 -0.211144 -0.0021543 15.3445 18.555 153.849
1.95251 -0.193978 -0.0111915 16.1823 17.7037 154.541
1.96815 -0.16816 -0.0281172 17.4186 16.3385 155.081
1.95606 -0.173151 -0.000404849 17.0901 16.3163 154.214
1.97577 -0.142803 -0.015328 18.0436 15.0726 154.309
1.95723 -0.105179 -0.0103735 18.6255 14.9603 153.315
1.96815 -0.0832852 -0.00431945 19.4818 14.6037 152.493
1.96262 -0.0875058 0.00730582 19.3876 14.6261 152.165
1.9562 -0.0746684 0.0192883 19.4515 15.1504 150.178
1.94863 -0.0560037 0.0190169 19.5871 16.1922 149.831
1.95434 -0.0498179 0.0017835 19.768 16.1884 150.177
1.95689 -0.0481534 -0.00867321 19.9208 15.9642 149.841
1.97399 -0.036368 -0.0260837 20.4547 15.2874 149.096
1.97296 -0.038379 -0.0211704 20.3874 15.2613 148.766
1.9672 -0.0254956 -0.0232786 20.4525 15.3149 147.889
1.92713 -0.0392684 0.0447472 19.2194 17.2651 145.526
1.9329 -0.0246955 0.0163596 19.4922 17.3173 146.138
1.90622 -0.0295486 0.0608707 18.1578 19.7302 144.309
1.89189 -0.00992716 0.0907906 16.8378 23.0234 142.816
1.89891 0.0216947 0.0786701 15.8829 25.2686 143.44
1.90628 0.0336475 0.0403198 16.2778 25.4258 144.333
1.935 0.0549017 0.0108828 16.1278 25.5605 145.175
1.92593 0.0264122 0.0437164 14.6132 25.2918 145.052
1.90224 -0.0120109 0.0918149 11.654 24.7634 144.583
1.93748 -0.00213323 0.0774867 8.86425 23.6123 144.741
1.96392 0.0150165 0.0729436 8.70066 23.3745 144.899
1.96247 0.0175174 0.0573981 6.54821 22.3592 144.53
1.96353 0.0319577 0.0687921 4.53992 22.5611 143.415
1.96262 0.0619941 0.0664772 1.99969 23.7847 143.074
1.96642 0.0560167 0.0749997 -0.45435 23.6263 144.387
1.97725 0.089993 0.0436898 -2.49757 22.9957 144.622
1.98682 0.110626 0.030614 -2.53639 22.9206 144.76
1.97583 0.120777 0.0553672 -5.37402 23.3108 144.656
2.00259 0.158085 0.0372815 -7.0772 23.2034 144.246
2.00841 0.195837 0.0348824 -8.52704 23.8564 143.607
2.01492 0.207286 0.0213071 -8.51113 23.8495 143.736
2.01721 0.237932 0.028408 -9.10328 24.9437 143.624
2.00768 0.251643 0.0346201 -10.412 25.4159 143.937
2.00212 0.301303 0.00106656 -11.2842 25.9718 142.483
2.01393 0.313108 -0.00994821 -11.3026 25.9124 142.839
2.03177 0.323559 0.0140243 -11.7921 26.2891 143.747
2.03691 0.398199 -0.0875141 -10.8596 25.3886 144.452
2.06132 0.408156 -0.062124 -9.54868 24.1561 144.346
2.05414 0.407235 -0.0415273 -9.67277 24.1169 143.837
2.02954 0.45016 -0.0812316 -9.78764 23.4284 144.482
2.04935 0.469064 -0.0603523 -10.0697 21.9632 144.456
2.05894 0.480327 -0.0487771 -10.1583 21.7973 144.148
2.07054 0.54559 -0.121417 -7.4538 21.0689 145.575
2.05649 0.55292 -0.106688 -7.04115 20.5359 145.839
2.02802 0.619303 -0.179049 -4.70802 21.232 144.516
2.02893 0.616497 -0.161656 -4.81139 21.184 144.408
2.01268 0.670718 -0.20017 -3.13566 22.1496 145.072
2.05705 0.635128 -0.0538781 -4.80139 22.0843 147.347
2.05772 0.633842 -0.0476135 -4.84444 22.0587 147.354
2.04899 0.635611 -0.056016 -5.7213 21.8617 146.924
2.06597 0.646784 -0.0314261 -6.60249 21.483 148.478
2.05972 0.656441 -0.0389329 -6.63631 21.4822 148.506
1.97386 0.70746 -0.143064 -6.16811 22.5764 147.494
2.01436 0.717024 -0.147546 -5.13013 22.9712 147.6
2.02008 0.709607 -0.140217 -5.13467 22.9476 147.689
1.97138 0.728754 -0.170703 -4.34692 24.3929 147.905
1.99202 0.729085 -0.185951 -3.15502 24.7592 147.977
1.99625 0.7243 -0.179052 -3.11252 24.8087 148.302
2.0549 0.707995 -0.116342 -2.84051 25.0384 149.84
1.97155 0.741954 -0.193654 -1.44251 25.9553 149.538
1.98206 0.772024 -0.221661 0.393598 25.7112 149.234
2.00412 0.769266 -0.206594 1.54569 25.8651 148.781
2.0097 0.760962 -0.190771 1.46468 25.8083 148.585
1.97553 0.771224 -0.203154 2.04845 26.0995 149.772
1.98344 0.776622 -0.19908 2.07116 25.4575 149.367
1.99042 0.782848 -0.19736 2.23802 24.7979 149.299
1.98972 0.784423 -0.195867 2.21771 24.7868 149.256
1.98256 0.778035 -0.191666 2.12812 24.4867 149.284
1.98614 0.785648 -0.19443 1.88155 23.8371 148.927
1.99966 0.777384 -0.176938 1.44133 23.5378 148.94
1.99723 0.778971 -0.18233 1.4632 23.5708 148.88
1.99307 0.769519 -0.171043 0.606585 23.4581 148.943
2.02391 0.754886 -0.141573 -0.382459 21.8497 149.414
2.02476 0.7637 -0.14784 -0.369525 21.8149 149.22
2.04562 0.749385 -0.119429 -1.41357 19.6933 149.1
2.04167 0.743738 -0.115022 -2.23022 18.3413 148.884
2.05498 0.715777 -0.112662 -2.15714 16.4409 149.175
2.06785 0.720821 -0.12202 -2.11996 15.2581 149.192
2.10125 0.70046 -0.0847272 -2.86122 13.9684 149.697
2.08931 0.709335 -0.103389 -2.79074 14.068 149.483
2.11379 0.672397 -0.0353252 -4.00493 14.1311 149.933
2.07732 0.677562 -0.0656184 -5.88895 14.4272 150.627
2.07611 0.650113 -0.0506816 -7.34893 13.6063 150.603
2.06551 0.669578 -0.0899465 -7.14177 13.671 150.269
2.10775 0.626739 -0.0194877 -8.96034 12.6832 151.486
2.0729 0.612883 -0.0712804 -10.5417 11.9163 150.085
2.09005 0.580988 -0.0617978 -12.0689 10.165 150.039
2.09455 0.592848 -0.075516 -12.041 10.1244 150.183
2.12962 0.521698 0.00787928 -14.3096 9.26737 151.169
2.12301 0.488275 -0.00463064 -16.0023 9.20863 150.311
2.12189 0.444253 0.00227452 -17.8707 9.17835 149.9
2.12982 0.464881 -0.0348734 -17.671 9.14483 150.038
2.12736 0.432149 -0.0248303 -18.7701 8.77953 149.911
2.14216 0.380299 0.0286953 -20.0921 8.5933 149.503
2.15543 0.388538 0.0175466 -19.9831 8.51315 149.499
2.14876 0.369361 0.0123452 -20.3302 9.52077 148.619
2.13435 0.350151 0.0068868 -20.5666 10.7589 149.495
2.13409 0.343107 -0.000862925 -20.5775 10.8331 149.851
2.12541 0.335261 -0.0126189 -20.007 11.362 150.851
2.14383 0.322047 -0.0134535 -19.2976 10.9998 151.474
2.1502 0.31365 -0.00442914 -19.3173 10.9332 151.277
2.14882 0.299735 0.0139792 -19.2207 11.3971 151.28
2.12167 0.308684 -0.013487 -19.0382 12.5062 150.489
2.1138 0.286003 0.00724064 -19.1741 13.9958 150.19
2.11456 0.284353 -0.00334663 -19.0821 14.0189 150.232
2.11622 0.271112 0.018911 -19.0109 15.6605 150.21
2.09441 0.244963 -0.00215759 -18.5264 17.2604 152.082
2.09988 0.216065 -0.00251611 -17.8342 17.4127 153.539
2.07532 0.221827 -0.0377369 -16.2818 17.634 153.938
2.07226 0.207541 -0.0335002 -15.093 18.2271 154.279
2.0711 0.194132 -0.0354694 -13.9931 19.341 154.762
2.06205 0.181525 -0.0285842 -13.9741 19.4176 154.699
2.04334 0.175086 -0.0498816 -13.4072 20.3744 155.741
2.03543 0.14016 -0.0324572 -13.8174 21.2349 156.246
2.01822 0.116707 -0.032549 -14.592 22.3225 156.648
2.01437 0.102282 -0.0398148 -14.9344 23.1017 156.261
2.03322 0.0982931 -0.0324854 -15.0152 22.9995 156.7
2.01083 0.0932571 -0.0405616 -14.9781 23.8306 157.179
2.0233 0.0803623 -0.041394 -14.8301 23.4188 158
2.02436 0.0896598 -0.0524293 -14.5366 23.1951 158.194
2.01474 0.0893449 -0.0287131 -13.989 23.923 157.082
2.01552 0.0843119 -0.0242606 -13.9638 23.9189 157.073
1.9988 0.0917995 -0.0235546 -13.0469 25.531 157.27
1.9869 0.0997788 -0.0438197 -12.374 26.863 158.339
1.97503 0.09613 -0.0534605 -11.844 27.7073 158.703
1.9724 0.0910135 -0.0502156 -11.4474 28.3195 159.023
1.97059 0.0871974 -0.0471322 -11.4256 28.3262 158.866
1.96471 0.0866071 -0.0575984 -11.455 28.7939 159.256
1.96247 0.077162 -0.0598276 -11.6287 28.7393 159.189
1.96372 0.0775222 -0.060421 -11.6428 28.7405 159.245
1.96189 0.0708884 -0.0506408 -12.1485 29.0008 158.877
1.96089 0.0681326 -0.0468172 -12.5647 29.5641 159.209
1.95699 0.0698628 -0.0528559 -12.5389 29.6296 159.32
1.96219 0.0694284 -0.050218 -12.7205 29.7421 159.39
1.96477 0.0730409 -0.0626538 -12.7722 29.6493 159.468
1.96704 0.0738033 -0.0628156 -12.7803 29.6526 159.554
1.96221 0.0660492 -0.0586599 -12.7546 29.7216 159.443
1.9633 0.0649478 -0.0683416 -11.9407 29.9886 159.88
1.96354 0.0586054 -0.0646576 -11.9068 29.9467 159.891
1.9621 0.0650112 -0.0773189 -11.293 29.9968 160.41
